Date,Libellé,Montant,Solde
2025-01-01,Solde initial,0.0,10000.0
2025-01-02,Facturation,-231.05,9768.95
2025-01-03,Facturation,-294.15,9474.8
2025-01-04,Facturation,-303.9,9170.9
2025-01-05,Facturation,-372.04,8798.86
2025-01-06,Facturation,-324.46,8474.4
2025-01-07,Facturation,-211.42,8262.98
2025-01-08,Facturation,-368.9,7894.08
2025-01-09,Facturation,-257.67,7636.4
2025-01-10,Facturation,-298.16,7338.24
2025-01-11,Facturation,-193.14,7145.1
2025-01-12,Facturation,-314.81,6830.29
2025-01-13,Facturation,-327.76,6502.53
2025-01-14,Facturation,-231.67,6270.86
2025-01-15,Facturation,-315.8,5955.06
2025-01-16,Facturation,-278.95,5676.11
2025-01-17,Facturation,-346.86,5329.25
2025-01-18,Facturation,-315.48,5013.77
2025-01-19,Facturation,-339.54,4674.23
2025-01-20,Facturation,-265.71,4408.52
2025-01-21,Facturation,-224.14,4184.38
2025-01-22,Facturation,-273.43,3910.94
2025-01-23,Facturation,-240.13,3670.81
2025-01-24,Facturation,-333.87,3336.94
2025-01-25,Facturation,-271.0,3065.94
2025-01-26,Facturation,-334.15,2731.78
2025-01-27,Facturation,-272.98,2458.81
2025-01-28,Facturation,-324.86,2133.94
2025-01-29,Facturation,-333.51,1800.43
2025-01-30,Facturation,-330.12,1470.31
2025-01-31,Facturation,-311.96,1158.34
2025-02-01,Facturation,6973.73,8132.08
2025-02-02,Facturation,-309.24,7822.84
2025-02-03,Facturation,-294.74,7528.09
2025-02-04,Facturation,-304.13,7223.96
2025-02-05,Facturation,-274.96,6949.0
2025-02-06,Facturation,-347.54,6601.46
2025-02-07,Facturation,-302.31,6299.15
2025-02-08,Facturation,-307.6,5991.55
2025-02-09,Facturation,-363.81,5627.74
2025-02-10,Facturation,-311.4,5316.35
2025-02-11,Facturation,-301.02,5015.32
2025-02-12,Facturation,-248.4,4766.92
2025-02-13,Facturation,-299.88,4467.04
2025-02-14,Facturation,-228.28,4238.76
2025-02-15,Facturation,-204.26,4034.5
2025-02-16,Facturation,-348.49,3686.01
2025-02-17,Facturation,-184.71,3501.29
2025-02-18,Facturation,-352.0,3149.3
2025-02-19,Facturation,-316.38,2832.92
2025-02-20,Facturation,-352.63,2480.29
2025-02-21,Facturation,-285.43,2194.86
2025-02-22,Facturation,-307.51,1887.35
2025-02-23,Facturation,-319.01,1568.35
2025-02-24,Facturation,-292.92,1275.43
2025-02-25,Facturation,-388.42,887.0
2025-02-26,Facturation,-317.97,569.04
2025-02-27,Facturation,-286.64,282.4
2025-02-28,Facturation,-260.6,21.8
2025-03-01,Facturation,8955.66,8977.45
2025-03-02,Facturation,-265.34,8712.12
2025-03-03,Facturation,-266.34,8445.78
2025-03-04,Facturation,-258.4,8187.37
2025-03-05,Facturation,-348.86,7838.52
2025-03-06,Facturation,-281.85,7556.66
2025-03-07,Facturation,-268.59,7288.07
2025-03-08,Facturation,-311.02,6977.06
2025-03-09,Dépense exceptionnelle,-5469.07,1507.98
2025-03-10,Facturation,-327.92,1180.07
2025-03-11,Facturation,-237.62,942.45
2025-03-12,Facturation,-265.72,676.73
2025-03-13,Facturation,-232.1,444.63
2025-03-14,Facturation,-286.5,158.12
2025-03-15,Facturation,-310.72,-152.59
2025-03-16,Facturation,-454.53,-607.12
2025-03-17,Facturation,-316.21,-923.33
2025-03-18,Facturation,-236.16,-1159.5
2025-03-19,Facturation,-229.72,-1389.21
2025-03-20,Facturation,-251.48,-1640.69
2025-03-21,Facturation,-316.01,-1956.7
2025-03-22,Facturation,-318.38,-2275.08
2025-03-23,Facturation,-410.7,-2685.78
2025-03-24,Facturation,-277.33,-2963.11
2025-03-25,Facturation,-353.9,-3317.01
2025-03-26,Facturation,-150.5,-3467.51
2025-03-27,Facturation,-352.81,-3820.32
2025-03-28,Facturation,-312.93,-4133.25
2025-03-29,Facturation,-297.42,-4430.66
2025-03-30,Facturation,-265.43,-4696.1
2025-03-31,Facturation,-280.42,-4976.52
2025-04-01,Facturation,8161.22,3184.7
2025-04-02,Facturation,-208.24,2976.46
2025-04-03,Facturation,-236.1,2740.35
2025-04-04,Facturation,-244.99,2495.36
2025-04-05,Facturation,-336.23,2159.13
2025-04-06,Facturation,-362.66,1796.48
2025-04-07,Facturation,-282.77,1513.71
2025-04-08,Facturation,-277.75,1235.96
2025-04-09,Facturation,-298.76,937.2
2025-04-10,Facturation,-254.4,682.8
2025-04-11,Facturation,-277.04,405.75
2025-04-12,Facturation,-373.88,31.88
2025-04-13,Facturation,-327.28,-295.4
2025-04-14,Facturation,-326.35,-621.75
2025-04-15,Facturation,-411.03,-1032.78
2025-04-16,Facturation,-272.13,-1304.91
2025-04-17,Facturation,-244.86,-1549.77
2025-04-18,Facturation,-307.0,-1856.77
2025-04-19,Facturation,-276.15,-2132.92
2025-04-20,Facturation,-194.79,-2327.71
2025-04-21,Facturation,-355.24,-2682.95
2025-04-22,Facturation,-282.91,-2965.87
2025-04-23,Facturation,-345.15,-3311.02
2025-04-24,Facturation,-298.49,-3609.51
2025-04-25,Facturation,-328.05,-3937.56
2025-04-26,Facturation,-371.3,-4308.86
2025-04-27,Facturation,-317.67,-4626.54
2025-04-28,Facturation,-316.1,-4942.64
2025-04-29,Facturation,-272.05,-5214.69
2025-04-30,Facturation,-308.38,-5523.06
2025-05-01,Facturation,6531.74,1008.68
2025-05-02,Facturation,-400.85,607.83
2025-05-03,Facturation,-376.23,231.6
2025-05-04,Facturation,-344.77,-113.17
2025-05-05,Facturation,-206.47,-319.64
2025-05-06,Facturation,-341.55,-661.19
2025-05-07,Facturation,-361.21,-1022.39
2025-05-08,Facturation,-245.04,-1267.44
2025-05-09,Facturation,-303.47,-1570.91
2025-05-10,Facturation,-279.47,-1850.38
2025-05-11,Facturation,-248.39,-2098.77
2025-05-12,Facturation,-288.34,-2387.11
2025-05-13,Facturation,-319.88,-2706.99
2025-05-14,Facturation,-298.37,-3005.36
2025-05-15,Facturation,-298.25,-3303.61
2025-05-16,Facturation,-227.53,-3531.14
2025-05-17,Facturation,-302.27,-3833.41
2025-05-18,Facturation,-310.98,-4144.39
2025-05-19,Facturation,-272.09,-4416.48
2025-05-20,Facturation,-303.1,-4719.57
2025-05-21,Facturation,-335.98,-5055.55
2025-05-22,Facturation,-295.79,-5351.34
2025-05-23,Facturation,-262.44,-5613.78
2025-05-24,Facturation,-262.34,-5876.12
2025-05-25,Facturation,-286.68,-6162.79
2025-05-26,Facturation,-266.61,-6429.4
2025-05-27,Facturation,-194.37,-6623.77
2025-05-28,Facturation,-377.7,-7001.47
2025-05-29,Facturation,-407.7,-7409.17
2025-05-30,Facturation,-391.04,-7800.21
2025-05-31,Facturation,-255.74,-8055.95
2025-06-01,Facturation,8759.28,703.32
2025-06-02,Facturation,-333.31,370.01
2025-06-03,Facturation,-318.61,51.4
2025-06-04,Facturation,-271.93,-220.52
2025-06-05,Facturation,-248.66,-469.19
2025-06-06,Facturation,-414.88,-884.07
2025-06-07,Facturation,-293.59,-1177.67
2025-06-08,Facturation,-419.09,-1596.75
2025-06-09,Facturation,-323.4,-1920.16
2025-06-10,Facturation,-255.17,-2175.33
2025-06-11,Facturation,-373.44,-2548.77
2025-06-12,Facturation,-328.56,-2877.33
2025-06-13,Facturation,-312.2,-3189.53
2025-06-14,Facturation,-281.7,-3471.23
2025-06-15,Facturation,-247.36,-3718.59
2025-06-16,Facturation,-377.64,-4096.24
2025-06-17,Facturation,-274.02,-4370.26
2025-06-18,Facturation,-321.73,-4691.99
2025-06-19,Facturation,-258.56,-4950.55
2025-06-20,Facturation,-319.3,-5269.85
2025-06-21,Facturation,-272.44,-5542.3
2025-06-22,Facturation,-226.75,-5769.05
2025-06-23,Facturation,-270.25,-6039.3
2025-06-24,Facturation,-247.43,-6286.73
2025-06-25,Facturation,-361.23,-6647.96
2025-06-26,Facturation,-299.64,-6947.6
2025-06-27,Facturation,-243.65,-7191.25
2025-06-28,Facturation,-224.36,-7415.61
2025-06-29,Facturation,-311.37,-7726.98
2025-06-30,Facturation,-371.93,-8098.91
2025-07-01,Facturation,7960.93,-137.98
2025-07-02,Facturation,-376.73,-514.71
2025-07-03,Facturation,-281.44,-796.15
2025-07-04,Facturation,-294.62,-1090.77
2025-07-05,Facturation,-382.32,-1473.09
2025-07-06,Facturation,-270.27,-1743.36
2025-07-07,Facturation,-276.1,-2019.47
2025-07-08,Facturation,-300.93,-2320.4
2025-07-09,Facturation,-368.57,-2688.97
2025-07-10,Facturation,-284.51,-2973.47
2025-07-11,Facturation,-252.28,-3225.75
2025-07-12,Facturation,-305.78,-3531.53
2025-07-13,Facturation,-336.85,-3868.37
2025-07-14,Facturation,-333.76,-4202.13
2025-07-15,Facturation,-248.37,-4450.5
2025-07-16,Facturation,-318.48,-4768.98
2025-07-17,Facturation,-248.58,-5017.56
2025-07-18,Facturation,-285.26,-5302.83
2025-07-19,Facturation,-294.34,-5597.17
2025-07-20,Facturation,-213.52,-5810.69
2025-07-21,Facturation,-324.09,-6134.78
2025-07-22,Facturation,-287.45,-6422.23
2025-07-23,Facturation,-290.13,-6712.36
2025-07-24,Facturation,-364.75,-7077.11
2025-07-25,Facturation,-436.6,-7513.71
2025-07-26,Facturation,-342.47,-7856.18
2025-07-27,Facturation,-362.95,-8219.13
2025-07-28,Facturation,-305.67,-8524.8
2025-07-29,Facturation,-316.38,-8841.18
2025-07-30,Facturation,-221.01,-9062.19
2025-07-31,Facturation,-333.2,-9395.39
2025-08-01,Facturation,7935.52,-1459.86
2025-08-02,Facturation,-260.7,-1720.56
2025-08-03,Facturation,-239.29,-1959.85
2025-08-04,Facturation,-205.85,-2165.7
2025-08-05,Facturation,-377.81,-2543.5
2025-08-06,Facturation,-327.82,-2871.32
2025-08-07,Dépense exceptionnelle,-2658.95,-5530.28
2025-08-08,Facturation,-376.34,-5906.61
2025-08-09,Facturation,-383.0,-6289.61
2025-08-10,Facturation,-336.49,-6626.1
2025-08-11,Facturation,-309.66,-6935.77
2025-08-12,Facturation,-305.0,-7240.77
2025-08-13,Facturation,-313.46,-7554.23
2025-08-14,Facturation,-338.18,-7892.4
2025-08-15,Facturation,-276.46,-8168.87
2025-08-16,Facturation,-268.29,-8437.15
2025-08-17,Facturation,-324.45,-8761.6
2025-08-18,Facturation,-166.68,-8928.28
2025-08-19,Facturation,-294.66,-9222.94
2025-08-20,Facturation,-193.73,-9416.66
2025-08-21,Facturation,-342.9,-9759.57
2025-08-22,Facturation,-233.03,-9992.6
2025-08-23,Facturation,-236.85,-10229.44
2025-08-24,Facturation,-275.16,-10504.6
2025-08-25,Facturation,-366.75,-10871.35
2025-08-26,Facturation,-320.14,-11191.49
2025-08-27,Facturation,-296.61,-11488.1
2025-08-28,Facturation,-235.09,-11723.19
2025-08-29,Facturation,-333.71,-12056.9
2025-08-30,Facturation,-276.71,-12333.61
2025-08-31,Facturation,-371.95,-12705.56
2025-09-01,Facturation,7991.62,-4713.94
2025-09-02,Facturation,-262.37,-4976.31
2025-09-03,Facturation,-364.86,-5341.17
2025-09-04,Facturation,-408.4,-5749.57
2025-09-05,Facturation,-333.11,-6082.68
2025-09-06,Facturation,-284.77,-6367.44
2025-09-07,Facturation,-262.82,-6630.26
2025-09-08,Facturation,-344.86,-6975.12
2025-09-09,Facturation,-228.34,-7203.45
2025-09-10,Facturation,-364.9,-7568.35
2025-09-11,Facturation,-234.42,-7802.78
2025-09-12,Facturation,-331.64,-8134.42
2025-09-13,Facturation,-264.16,-8398.58
2025-09-14,Facturation,-260.5,-8659.09
2025-09-15,Facturation,-358.21,-9017.29
2025-09-16,Facturation,-390.15,-9407.44
2025-09-17,Facturation,-329.11,-9736.55
2025-09-18,Facturation,-336.81,-10073.36
2025-09-19,Dépense exceptionnelle,-2473.45,-12546.8
2025-09-20,Facturation,-383.95,-12930.76
2025-09-21,Facturation,-245.96,-13176.71
2025-09-22,Facturation,-378.75,-13555.46
2025-09-23,Facturation,-224.42,-13779.88
2025-09-24,Facturation,-221.26,-14001.15
2025-09-25,Facturation,-319.92,-14321.07
2025-09-26,Facturation,-373.5,-14694.57
2025-09-27,Facturation,-421.56,-15116.13
2025-09-28,Facturation,-372.52,-15488.66
2025-09-29,Facturation,-317.49,-15806.15
2025-09-30,Facturation,-253.44,-16059.59
2025-10-01,Facturation,7884.94,-8174.65
2025-10-02,Facturation,-290.67,-8465.32
2025-10-03,Facturation,-294.11,-8759.43
2025-10-04,Facturation,-359.92,-9119.35
2025-10-05,Facturation,-225.06,-9344.41
2025-10-06,Facturation,-294.04,-9638.45
2025-10-07,Facturation,-299.39,-9937.84
2025-10-08,Facturation,-438.88,-10376.72
2025-10-09,Facturation,-323.59,-10700.31
2025-10-10,Facturation,-337.32,-11037.63
2025-10-11,Facturation,-316.27,-11353.9
2025-10-12,Facturation,-354.72,-11708.62
2025-10-13,Facturation,-302.66,-12011.28
2025-10-14,Facturation,-229.64,-12240.92
2025-10-15,Facturation,-204.07,-12444.99
2025-10-16,Facturation,-284.25,-12729.24
2025-10-17,Facturation,-324.84,-13054.08
2025-10-18,Facturation,-357.45,-13411.53
2025-10-19,Facturation,-292.7,-13704.23
2025-10-20,Facturation,-340.48,-14044.71
2025-10-21,Facturation,-293.26,-14337.97
2025-10-22,Facturation,-235.58,-14573.55
2025-10-23,Facturation,-292.85,-14866.4
2025-10-24,Facturation,-271.04,-15137.44
2025-10-25,Facturation,-348.19,-15485.63
2025-10-26,Facturation,-259.89,-15745.53
2025-10-27,Facturation,-305.86,-16051.39
2025-10-28,Facturation,-225.82,-16277.21
2025-10-29,Facturation,-322.07,-16599.28
2025-10-30,Facturation,-209.54,-16808.82
2025-10-31,Facturation,-279.0,-17087.83
2025-11-01,Facturation,8879.89,-8207.93
2025-11-02,Facturation,-335.47,-8543.4
2025-11-03,Facturation,-266.18,-8809.57
2025-11-04,Facturation,-394.7,-9204.27
2025-11-05,Facturation,-356.99,-9561.26
2025-11-06,Facturation,-299.37,-9860.63
2025-11-07,Facturation,-357.82,-10218.45
2025-11-08,Facturation,-320.65,-10539.1
2025-11-09,Facturation,-400.97,-10940.07
2025-11-10,Facturation,-400.37,-11340.44
2025-11-11,Facturation,-312.45,-11652.89
2025-11-12,Facturation,-335.97,-11988.86
2025-11-13,Facturation,-322.76,-12311.62
2025-11-14,Facturation,-417.68,-12729.3
2025-11-15,Facturation,-355.84,-13085.14
2025-11-16,Facturation,-294.4,-13379.53
2025-11-17,Facturation,-327.21,-13706.75
2025-11-18,Facturation,-298.78,-14005.53
2025-11-19,Facturation,-287.96,-14293.49
2025-11-20,Facturation,-314.54,-14608.03
2025-11-21,Facturation,-378.04,-14986.07
2025-11-22,Facturation,-237.6,-15223.67
2025-11-23,Facturation,-235.62,-15459.29
2025-11-24,Facturation,-277.36,-15736.66
2025-11-25,Facturation,-233.81,-15970.47
2025-11-26,Facturation,-309.49,-16279.95
2025-11-27,Facturation,-338.95,-16618.9
2025-11-28,Facturation,-305.5,-16924.4
2025-11-29,Facturation,-298.93,-17223.33
2025-11-30,Facturation,-323.02,-17546.36
2025-12-01,Facturation,8037.97,-9508.38
2025-12-02,Facturation,-285.98,-9794.36
2025-12-03,Facturation,-318.36,-10112.72
2025-12-04,Facturation,-332.71,-10445.43
2025-12-05,Facturation,-294.48,-10739.91
2025-12-06,Facturation,-231.87,-10971.78
2025-12-07,Facturation,-318.63,-11290.41
2025-12-08,Facturation,-370.26,-11660.67
2025-12-09,Facturation,-234.15,-11894.82
2025-12-10,Facturation,-335.45,-12230.27
2025-12-11,Facturation,-369.61,-12599.88
2025-12-12,Facturation,-312.38,-12912.26
2025-12-13,Facturation,-358.94,-13271.2
2025-12-14,Facturation,-300.48,-13571.68
2025-12-15,Facturation,-290.03,-13861.71
2025-12-16,Facturation,-291.21,-14152.92
2025-12-17,Facturation,-342.5,-14495.42
2025-12-18,Facturation,-298.47,-14793.89
2025-12-19,Facturation,-298.12,-15092.01
2025-12-20,Facturation,-286.53,-15378.55
2025-12-21,Facturation,-280.6,-15659.15
2025-12-22,Facturation,-216.87,-15876.02
2025-12-23,Facturation,-321.05,-16197.07
2025-12-24,Facturation,-315.75,-16512.82
2025-12-25,Facturation,-327.98,-16840.8
2025-12-26,Facturation,-327.45,-17168.25
2025-12-27,Facturation,-337.23,-17505.48
2025-12-28,Facturation,-362.47,-17867.95
2025-12-29,Facturation,-269.53,-18137.47
2025-12-30,Facturation,-343.04,-18480.52
2025-12-31,Facturation,-336.48,-18817.0
